270,4
270,3
270,2
0,421
270,1
270,0
0,420
0,417
269,4
269,3
269,2
269,1
269,0
268,3
268,2
268,1
268,0
267,4
267,3
267,2
267,1
267,0
266,5
266,4
266,3
266,2
266,1
266,0
265,3
265,2
265,1
265,0
0,516
0,515
264,3
264,2
264,1
264,0
263,3
263,2
263,1
263,0
262,3
262,2
262,1
262,0
0,5
14,1
14,13
261,3
261,2
0,514
261,1
261,0
260,3
260,2
260,1
260,0
259,3
259,2
259,1
259,0
258,4
258,3
258,2
258,1
258,0
257,4
257,3
257,2
257,1
257,0
256,5
256,4
256,3
256,2
256,1
256,0
0,269
0,422
0,513
0,512
0,419
0,418
0,416
0,415
255,3
255,2
0,414
255,1
255,0
0,413
0,412
0,411
0,410
0,409
0,408
0,407
0,406
0,405
0,404
0,403
0,402
0,401
0,400
0,399
0,398
0,397
0,395
0,393
0,392
0,391
0,390
0,389
0,388
0,387
0,385
0,384
0,268
0,267
0,266
0,265
0,264
0,263
0,262
0,261
0,260
0,259
0,258
0,257
0,256
0,254
0,253
0,252
0,251
0,250
0,249
0,248
0,247
0,246
0,245
0,244
0,242
0,241
0,240
0,239
0,238
0,455
0,237
0,454
0,236
0,235
0,234
0,233
0,232
0,231
0,230
0,229
0,228
0,227
0,226
0,225
0,222
0,221
0,220
0,219
0,396
0,218
0,217
0,394
0,216
0,215
0,214
0,212
0,211
0,210
0,209
0,447
0,208
0,207
0,206
0,205
0,201
0,198
0,197
0,196
0,195
0,62
0,61
0,60
0,316
0,59
0,58
0,57
0,56
0,457
0,456
0,51
0,314
0,47
0,46
0,45
22,34
22,33
22,32
22,31
22,30
22,29
22,28
22,27
22,26
22,25
22,24
22,23
22,22
22,21
22,20
22,19
22,18
22,17
22,16
22,15
22,14
22,13
22,12
22,11
22,10
22,9
22,8
22,7
22,6
22,5
22,4
22,3
0,6
0,511
0,203
254,3
254,2
254,1
254,0
253,3
253,2
253,1
253,0
252,3
252,2
252,1
252,0
251,3
251,2
251,1
251,0
250,3
250,2
250,1
250,0
249,3
249,2
249,1
249,0
248,3
248,2
248,1
248,0
247,5
247,4
247,3
247,2
247,1
247,0
246,5
246,4
246,3
246,2
246,1
246,0
245,5
245,4
245,3
245,2
245,1
245,0
244,7
244,6
244,5
244,4
244,3
244,2
244,1
244,0
243,3
243,2
243,1
243,0
242,3
242,2
242,1
242,0
0,510
0,224
0,509
0,223
241,3
241,2
241,1
241,0
240,3
240,2
240,1
240,0
239,4
239,3
239,2
0,508
239,1
239,0
238,3
238,2
238,1
238,0
0,507
0,204
0,506
0,202
237,3
237,2
0,505
0,2
0,8
237,1
237,0
14,12
236,3
236,2
0,504
0,503
236,1
236,0
235,3
235,2
235,1
235,0
234,3
234,2
234,1
234,0
233,3
233,2
0,502
0,501
0,243
233,1
233,0
232,3
232,2
232,1
232,0
231,3
231,2
231,1
231,0
230,3
230,2
230,1
230,0
229,3
229,2
229,1
229,0
228,3
228,2
228,1
228,0
227,3
227,2
227,1
227,0
0,500
226,3
226,2
226,1
226,0
225,4
225,3
225,2
225,1
225,0
0,319
0,298
0,297
0,294
0,291
0,290
0,287
0,318
0,282
0,281
0,280
0,279
0,277
0,274
0,311
0,310
0,317
0,309
0,307
0,305
0,303
0,301
0,300
0,299
0,499
0,194
0,498
0,193
0,296
0,295
0,293
0,292
224,3
224,2
224,1
224,0
0,289
223,3
223,2
0,288
223,1
223,0
0,286
222,3
222,2
0,285
222,1
222,0
0,284
221,3
221,2
221,1
221,0
220,3
220,2
220,1
220,0
219,3
219,2
0,497
0,10
219,1
219,0
218,3
218,2
218,1
218,0
217,3
217,2
217,1
217,0
216,3
216,2
216,1
216,0
215,3
215,2
215,1
215,0
214,3
214,2
0,496
214,1
214,0
213,3
213,2
213,1
213,0
0,495
212,3
212,2
212,1
212,0
211,3
211,2
211,1
211,0
14,3
13,5
13,1
13,4
13,3
0,272
0,271
210,4
210,3
